<?xml version="1.0"?>
<opencv_storage>
<Alfin_Anggario type_id="opencv-matrix">
  <rows>1</rows>
  <cols>512</cols>
  <dt>f</dt>
  <data>
    1.19134653e-02 1.72318163e-04 2.02918984e-02 -5.60868606e-02
    -3.11717726e-02 -4.56321687e-02 -5.41771129e-02 9.99147594e-02
    5.33158518e-02 -5.11315614e-02 2.84370277e-02 2.09191523e-04
    -1.48616331e-02 -3.20996228e-03 -3.73252854e-02 3.29548977e-02
    1.08335363e-02 -3.45681757e-02 -3.48708523e-03 4.62278835e-02
    1.20124139e-03 5.27286977e-02 2.60839667e-02 6.28256723e-02
    -2.69136038e-02 7.44433403e-02 -4.63082492e-02 9.58995149e-02
    2.44536567e-02 -1.88379288e-02 3.42190303e-02 4.56473976e-02
    3.31489109e-02 -2.09368151e-02 4.67849150e-02 9.60340537e-03
    -9.79519635e-03 3.17984670e-02 -6.97116926e-02 -1.54412054e-02
    1.86203364e-02 -8.12226161e-02 -2.93071382e-03 2.56588347e-02
    -9.32215601e-02 -2.80110352e-02 3.19565013e-02 1.19954916e-02
    -1.46602867e-02 -2.12686602e-02 -2.41479352e-02 -2.29491629e-02
    -2.12721508e-02 2.90799886e-03 7.03520849e-02 4.13992815e-02
    -2.95782872e-02 -2.71068066e-02 -1.03770830e-02 -3.42441276e-02
    -3.46179819e-03 1.22663593e-02 -5.09791367e-04 -4.02427651e-02
    9.24007222e-02 -1.97905581e-02 -3.19828056e-02 1.03209885e-02
    3.60529125e-02 1.40401712e-02 -1.83887146e-02 -4.09968793e-02
    -9.67760086e-02 -2.34587789e-02 2.08355617e-02 2.12704707e-02
    -2.21241806e-02 5.77862784e-02 -2.40049083e-02 -2.95352563e-02
    -7.03237951e-02 -2.77053416e-02 -1.14793003e-01 3.19320336e-03
    -5.37954792e-02 6.14361465e-03 -2.27547996e-03 2.37126951e-03
    -1.13152219e-02 -2.63459440e-02 -4.42806035e-02 4.38180119e-02
    -2.91412743e-03 -6.20927103e-02 4.56942394e-02 1.67609006e-02
    -3.24110948e-02 -4.13057767e-02 -3.51931900e-02 -4.94637266e-02
    5.33671714e-02 -2.01916266e-02 -3.66582833e-02 -1.21679697e-02
    1.71856768e-02 5.70294522e-02 -2.97771413e-02 7.07671419e-02
    -1.82115622e-02 4.37876284e-02 -3.96076441e-02 2.52488349e-02
    6.22320361e-02 3.71283256e-02 3.21754664e-02 -6.52781874e-02
    -6.19154284e-03 2.45315228e-02 7.49789178e-02 7.27372826e-04
    6.64928183e-02 1.89798530e-02 7.64178298e-03 -2.72558909e-02
    8.86174850e-03 2.38352474e-02 6.68719709e-02 -8.00903048e-03
    1.79527216e-02 5.88680245e-03 6.37274384e-02 5.83495237e-02
    -3.92589020e-03 -9.18545946e-02 -5.64718805e-02 -2.72440072e-02
    -4.96709310e-02 -1.46832233e-02 4.17146198e-02 1.51115246e-02
    5.76890148e-02 -1.31632984e-01 1.13100102e-02 -3.58842639e-03
    -4.40608636e-02 -1.07980542e-01 1.39405921e-01 6.22555092e-02
    1.59051605e-02 -3.68922353e-02 -3.16875204e-02 -8.48387647e-03
    -1.36054242e-02 3.52841169e-02 -5.20361364e-02 -3.53044719e-02
    1.18162818e-02 -1.23596611e-02 6.57900870e-02 -4.14847862e-03
    4.44689393e-03 -1.84791554e-02 -2.99966726e-02 -4.62451018e-02
    8.31287447e-03 -3.72255370e-02 -5.04132882e-02 -1.17859356e-02
    9.63919982e-02 1.21765246e-03 3.87894735e-02 2.31757038e-03
    3.30888964e-02 1.31445555e-02 -5.33832610e-03 1.83428712e-02
    2.19865516e-02 4.75498959e-02 -4.92969379e-02 -3.44091915e-02
    1.11576160e-02 -1.46873397e-04 3.24397758e-02 -5.39500192e-02
    2.29629893e-02 3.27388942e-02 3.60835567e-02 -7.89330378e-02
    -5.10096662e-02 4.87360880e-02 5.27159311e-02 -7.52231032e-02
    -6.09925501e-02 8.46400782e-02 1.82874338e-03 -8.29494148e-02
    -2.00131331e-02 3.99368554e-02 -3.00775003e-02 5.37336245e-02
    -2.50382647e-02 3.09550436e-03 8.24571121e-03 2.67229937e-02
    6.73013856e-04 4.02551191e-03 -2.06611212e-02 -7.05358610e-02
    -2.63922312e-03 -2.20881347e-02 1.40788853e-02 -3.03443149e-02
    -7.68217817e-02 -1.45274717e-02 -1.02340020e-01 -1.49248252e-02
    -3.31094749e-02 -2.29453761e-02 -5.47971688e-02 -3.46571989e-02
    1.24372635e-02 -5.82060143e-02 -1.12989107e-02 -3.29451673e-02
    -1.60658732e-02 -8.79719034e-02 -4.33659703e-02 8.02711472e-02
    -2.09152345e-02 -6.47249520e-02 -6.04753494e-02 1.24436151e-02
    2.77658319e-03 5.71052507e-02 -2.39919079e-03 -6.55025691e-02
    -6.25336841e-02 8.53867456e-03 -4.29042093e-02 -4.22818260e-03
    2.69742105e-02 -8.36646277e-03 -6.30264729e-03 -5.98719157e-02
    -5.40258326e-02 2.78766770e-02 5.13854288e-02 1.90548282e-02
    5.10221198e-02 -3.93808968e-02 -2.73994803e-02 -9.08717699e-03
    -4.31216285e-02 -1.11779951e-01 -1.03681702e-02 2.08730549e-02
    1.53986067e-02 9.10362788e-03 -5.55614457e-02 -5.68251498e-02
    3.20023745e-02 5.31538278e-02 2.54664873e-03 -4.02675606e-02
    7.93592725e-03 -3.55781354e-02 -5.83252721e-02 4.76732142e-02
    4.11225390e-03 3.03841941e-02 1.14077777e-02 -1.07851054e-03
    3.23135629e-02 -3.99881452e-02 1.05398588e-01 5.81753906e-03
    3.90756316e-02 4.24733534e-02 -1.81644056e-02 -1.80948935e-02
    -1.51259014e-02 2.18737894e-03 -3.75447981e-02 -5.84727041e-02
    2.03950386e-02 6.62538558e-02 -5.73283769e-02 -4.11302187e-02
    -7.92185366e-02 1.00424583e-03 5.19072935e-02 -2.01492626e-02
    -1.07474902e-04 -6.72576204e-02 -1.96345523e-02 -2.51354296e-02
    2.45700334e-03 -3.12363748e-02 2.26857103e-02 3.90236266e-02
    -2.70567033e-02 8.03906396e-02 -3.43546309e-02 -8.74312669e-02
    1.26223741e-02 -1.62546569e-03 3.44576244e-03 1.84336565e-02
    -5.53373573e-03 -3.61739919e-02 4.53879917e-03 1.01474561e-01
    4.21113558e-02 -3.76185626e-02 -2.02962905e-02 3.04523725e-02
    -1.81097053e-02 6.12587407e-02 -1.19819064e-02 1.45992320e-02
    9.00314748e-03 -4.06569093e-02 9.04718693e-03 -7.02464208e-02
    -5.74051104e-02 7.11052716e-02 -1.77861545e-02 9.72908549e-03
    1.47534031e-02 7.17765931e-03 -7.10716024e-02 4.78916913e-02
    -3.51811275e-02 3.40175629e-03 -2.58351285e-02 -2.56200437e-03
    1.26767784e-01 -2.44997302e-03 -4.30246480e-02 4.03036270e-03
    -3.85173336e-02 3.79848927e-02 -6.59791604e-02 1.04700653e-02
    -5.02873957e-02 3.45204473e-02 8.97596627e-02 -1.77306309e-02
    1.67169459e-02 8.98149386e-02 3.96951381e-03 -7.37554878e-02
    -2.84428969e-02 7.20525801e-04 -7.09057525e-02 -6.27586571e-03
    -5.84268607e-02 -8.08014199e-02 -2.39765607e-02 1.47269061e-02
    4.81278682e-03 -1.76254734e-02 7.18392804e-02 4.95422781e-02
    5.59814349e-02 -4.80054058e-02 -1.01029826e-02 -2.95398980e-02
    -1.26380622e-02 -9.96692106e-02 4.98188734e-02 6.72691837e-02
    1.42168636e-02 -1.29423281e-02 -1.96308065e-02 8.49157423e-02
    4.14034314e-02 -9.48791113e-03 -2.62786672e-02 -8.56440142e-02
    1.83075275e-02 -5.11672460e-02 2.77191605e-02 1.52951181e-02
    8.35246667e-02 1.45029565e-02 -1.07601836e-01 4.97781597e-02
    6.98679760e-02 -2.16784123e-02 -4.58699763e-02 -9.17836372e-03
    2.58736126e-02 -8.56133699e-02 -4.42923307e-02 7.79127795e-03
    4.77403775e-02 -4.14742567e-02 -6.00532740e-02 3.30554205e-03
    -5.64935505e-02 1.28237447e-02 6.74586594e-02 -4.93876822e-02
    -2.73405425e-02 -2.59931572e-02 -3.64893712e-02 -7.11045042e-03
    -1.49667244e-02 6.97812019e-03 1.72850825e-02 -4.92466725e-02
    -7.92492647e-03 7.37088099e-02 -1.46865798e-02 -5.57840168e-02
    4.41316031e-02 1.13675287e-02 -2.29387842e-02 8.36986117e-03
    1.71250869e-02 -4.43851501e-02 3.33021954e-02 -6.12606667e-03
    4.95317690e-02 -2.01171115e-02 -2.51253471e-02 -3.41661950e-03
    8.73360969e-03 5.73870577e-02 2.79017165e-02 2.86350232e-02
    6.43475801e-02 -6.48249593e-03 9.31494683e-03 -3.34223397e-02
    -1.99385118e-02 1.29021592e-02 4.80644032e-02 -8.23183805e-02
    -4.08947133e-02 -8.76875743e-02 5.22823818e-02 3.46551500e-02
    -4.74629551e-02 1.04397591e-02 -2.19240747e-02 3.36959809e-02
    4.87504713e-02 -4.11212519e-02 -4.82628979e-02 -1.15076944e-01
    3.96020785e-02 7.33976513e-02 7.19596297e-02 -3.99255753e-02
    -5.04263192e-02 1.95726827e-02 -4.68818359e-02 8.82812068e-02
    4.72669676e-02 -2.89915912e-02 5.70639111e-02 4.75946516e-02
    1.27185695e-02 -8.83886311e-03 -8.27558637e-02 1.50227845e-02
    -6.13014922e-02 2.40391735e-02 1.42144579e-02 1.11090317e-02
