<?xml version="1.0"?>
<opencv_storage>
<Dimas type_id="opencv-matrix">
  <rows>1</rows>
  <cols>512</cols>
  <dt>f</dt>
  <data>
    -6.50034622e-08 1.93230538e-38 0. 0. 2.08435059e-02 -5.34362793e-02
    -1.40991211e-02 4.70581055e-02 4.30603027e-02 -1.84783936e-02
    1.94396973e-02 -1.11846924e-02 -3.21655273e-02 4.58679199e-02
    2.34527588e-02 3.72009277e-02 2.08892822e-02 -7.75527954e-03
    6.98242188e-02 6.34670258e-04 -4.61730957e-02 5.34973145e-02
    8.65936279e-04 3.46069336e-02 -6.93359375e-02 3.43017578e-02
    6.70776367e-02 -1.80358887e-02 8.28857422e-02 -4.20227051e-02
    -2.96478271e-02 8.49914551e-03 4.26025391e-02 -2.74848938e-03
    7.01904297e-02 -1.87072754e-02 -1.06628418e-01 1.93176270e-02
    -2.71759033e-02 -1.84783936e-02 -3.30200195e-02 6.05010986e-03
    -3.66516113e-02 -6.88934326e-03 3.35083008e-02 -1.21765137e-02
    2.27661133e-02 -1.13067627e-02 -7.95288086e-02 -4.26940918e-02
    -7.88116455e-03 2.12554932e-02 -7.58056641e-02 -5.13610840e-02
    6.79931641e-02 4.33731079e-03 -2.40325928e-02 -3.63769531e-02
    -2.54974365e-02 -1.19094849e-02 -6.21337891e-02 -3.83300781e-02
    4.69360352e-02 -1.13601685e-02 9.55810547e-02 -6.84814453e-02
    1.91497803e-02 1.04999542e-03 2.01721191e-02 9.20104980e-03
    -9.14764404e-03 3.97949219e-02 -3.45153809e-02 1.17614746e-01
    -2.85797119e-02 1.92413330e-02 -2.38800049e-02 3.84826660e-02
    3.79028320e-02 -1.83258057e-02 7.65380859e-02 -1.80530548e-03
    6.20651245e-03 -1.66625977e-02 8.11767578e-03 -4.43725586e-02
    -5.93948364e-03 1.49917603e-02 -2.99072266e-02 2.54516602e-02
    -5.63812256e-03 4.23583984e-02 1.14288330e-02 -5.40924072e-03
    5.51147461e-02 1.06735229e-02 -7.67211914e-02 -6.97021484e-02
    -1.15127563e-02 -1.66473389e-02 1.75781250e-02 -1.68132782e-03
    1.53808594e-02 -2.43530273e-02 5.67626953e-03 9.49096680e-02
    2.02331543e-02 8.59985352e-02 -2.00805664e-02 3.03268433e-03
    -7.92236328e-02 8.89587402e-03 9.25903320e-02 -4.57153320e-02
    -4.56848145e-02 -4.67529297e-02 4.57153320e-02 -1.23825073e-02
    2.03247070e-02 2.33764648e-02 1.14669800e-02 6.56127930e-02
    5.47180176e-02 2.61230469e-02 4.83703613e-02 4.24804688e-02
    -3.00903320e-02 4.11071777e-02 1.03027344e-01 2.72369385e-02
    6.45751953e-02 3.10974121e-02 -1.39236450e-02 -3.93676758e-03
    -1.83391571e-03 -5.47790527e-02 -4.90722656e-02 3.07006836e-02
    5.35583496e-02 -7.57217407e-03 -6.08825684e-03 -1.17778778e-03
    3.71398926e-02 -5.22460938e-02 4.87060547e-02 -4.68750000e-02
    3.07464600e-02 -3.48205566e-02 4.75158691e-02 -3.84216309e-02
    1.11618042e-02 -9.13085938e-02 -2.50396729e-02 -4.40368652e-02
    -6.51855469e-02 9.24072266e-02 1.25503540e-02 3.34777832e-02
    -7.46917725e-03 -2.40631104e-02 1.89056396e-02 7.82012939e-03
    -4.32128906e-02 -2.79045105e-03 4.32128906e-02 -7.85522461e-02
    -7.81860352e-02 -1.94854736e-02 1.03637695e-01 -1.66015625e-02
    4.65011597e-03 -2.36206055e-02 4.39758301e-02 6.22863770e-02
    1.32064819e-02 7.53173828e-02 -5.34057617e-02 3.09143066e-02
    -3.99475098e-02 -2.52838135e-02 2.33001709e-02 -1.21154785e-02
    3.12500000e-02 6.72531128e-03 -6.59179688e-03 1.36413574e-02
    3.66821289e-02 -3.34777832e-02 3.16772461e-02 6.26831055e-02
    3.28674316e-02 3.81469727e-02 -7.28988647e-03 5.47790527e-02
    3.15551758e-02 -1.80969238e-02 6.77490234e-02 -6.45141602e-02
    9.37652588e-03 6.59179688e-02 -2.78625488e-02 7.27081299e-03
    -1.53579712e-02 -4.32739258e-02 1.72271729e-02 -4.38842773e-02
    -3.40270996e-02 -3.07006836e-02 3.86352539e-02 1.89666748e-02
    -7.23648071e-03 -2.93159485e-03 1.80969238e-02 2.21710205e-02
    -5.11779785e-02 -2.13432312e-03 -4.67224121e-02 6.17218018e-03
    -7.17773438e-02 5.78613281e-02 -1.17874146e-02 -2.47192383e-02
    -3.64074707e-02 2.00195312e-02 -6.24847412e-03 -1.58538818e-02
    3.86962891e-02 4.08020020e-02 1.90887451e-02 -5.59387207e-02
    2.60734558e-03 6.48193359e-02 -1.96990967e-02 4.79507446e-03
    -1.47914886e-03 -3.02581787e-02 -2.61840820e-02 9.46044922e-03
    -3.80249023e-02 1.66511536e-03 3.38935852e-03 -2.65960693e-02
    3.07464600e-02 9.20104980e-03 2.93121338e-02 -5.87768555e-02
    1.74407959e-02 1.53427124e-02 5.08117676e-02 -1.57623291e-02
    1.52664185e-02 1.84020996e-02 -5.77392578e-02 -1.84326172e-02
    -8.58306885e-03 -4.74548340e-02 4.97741699e-02 3.05633545e-02
    1.46102905e-02 -6.69555664e-02 1.34563446e-03 8.01391602e-02
    -4.79125977e-03 2.10723877e-02 -1.81274414e-02 -5.65719604e-03
    4.81567383e-02 -3.54309082e-02 -2.07672119e-02 7.83691406e-02
    -4.43115234e-02 -2.19421387e-02 1.28402710e-02 2.54974365e-02
    3.92456055e-02 2.12707520e-02 -2.02026367e-02 -7.01293945e-02
    7.65380859e-02 -1.44271851e-02 -2.25524902e-02 -5.17272949e-02
    4.08172607e-03 1.81484222e-03 -2.17895508e-02 3.34472656e-02
    -6.71997070e-02 2.61840820e-02 -3.34472656e-02 1.01989746e-01
    -3.24630737e-03 -2.22625732e-02 2.03399658e-02 -5.35888672e-02
    -7.86132812e-02 1.01547241e-02 -5.02929688e-02 -3.89671326e-03
    3.68041992e-02 -8.78143311e-03 -9.53369141e-02 6.66503906e-02
    -4.39758301e-02 1.41716003e-03 1.77459717e-02 -8.58764648e-02
    4.81567383e-02 8.61816406e-02 -4.85229492e-02 8.81195068e-03
    -6.22177124e-03 7.84912109e-02 2.56919861e-03 -1.81274414e-02
    4.94384766e-02 4.87670898e-02 -3.32946777e-02 7.64160156e-02
    -1.79595947e-02 -3.13415527e-02 -2.64129639e-02 -2.46887207e-02
    1.13586426e-01 -3.94592285e-02 -2.25448608e-03 -2.76489258e-02
    -5.98144531e-03 1.12915039e-01 -2.56652832e-02 2.67181396e-02
    -1.55410767e-02 -2.31781006e-02 -1.71203613e-02 4.30603027e-02
    2.30712891e-02 -5.90820312e-02 4.94689941e-02 -1.24694824e-01
    -2.67944336e-02 2.10876465e-02 -1.42364502e-02 2.04277039e-03
    -1.06628418e-01 -6.39038086e-02 4.47082520e-03 -2.22930908e-02
    -2.32543945e-02 -5.55419922e-03 5.90515137e-02 -5.08422852e-02
    -8.53881836e-02 -8.04443359e-02 2.30102539e-02 4.70275879e-02
    -4.64782715e-02 -2.41546631e-02 -2.54364014e-02 -3.71093750e-02
    -1.92413330e-02 -1.25122070e-01 -3.05480957e-02 2.56042480e-02
    2.77137756e-03 8.52661133e-02 8.90502930e-02 -8.59832764e-03
    -6.26220703e-02 -8.76617432e-03 -3.57666016e-02 -9.90600586e-02
    6.06918335e-03 5.11169434e-02 -1.99584961e-02 -8.29315186e-03
    -1.27441406e-01 3.69567871e-02 5.20629883e-02 -2.54974365e-02
    1.02767944e-02 -5.23376465e-02 1.74407959e-02 -5.20324707e-02
    -4.76455688e-03 -2.47497559e-02 8.93402100e-03 4.96215820e-02
    8.69750977e-03 4.82177734e-03 4.48913574e-02 -9.81140137e-03
    1.37209892e-04 2.68554688e-02 7.73239136e-03 -3.98559570e-02
    -3.12805176e-02 6.78253174e-03 2.15759277e-02 2.16484070e-03
    -5.34973145e-02 1.76849365e-02 5.66101074e-02 -4.71878052e-03
    -5.87081909e-03 -4.14428711e-02 -6.54907227e-02 -5.39245605e-02
    -2.62145996e-02 -2.32543945e-02 -3.82995605e-02 1.69982910e-02
    -2.67410278e-03 -6.45751953e-02 3.73077393e-03 3.26843262e-02
    -1.44271851e-02 4.66613770e-02 2.38037109e-02 3.07273865e-03
    3.61328125e-02 -1.10473633e-02 2.44598389e-02 7.21359253e-03
    -2.31781006e-02 3.74145508e-02 6.70776367e-02 -8.56323242e-02
    4.55932617e-02 -4.51354980e-02 -2.36053467e-02 -1.69219971e-02
    -9.36126709e-03 -6.10656738e-02 2.23693848e-02 -4.05578613e-02
    -6.94580078e-02 8.89892578e-02 7.97271729e-03 9.88960266e-04
    2.45666504e-02 -3.38439941e-02 2.42614746e-02 -3.03039551e-02
    -5.13305664e-02 -1.07498169e-02 1.46255493e-02 -2.07824707e-02
    5.00106812e-03 -5.80749512e-02 -1.76048279e-03 -1.24023438e-01
    -9.05609131e-03 -4.98962402e-02 -2.70652771e-03 6.36596680e-02
    2.47650146e-02 -4.96520996e-02 1.94702148e-02 6.08825684e-02
    -3.79028320e-02 9.41162109e-02 4.20532227e-02 1.14517212e-02
    -4.93240356e-03 4.67834473e-02 -7.75756836e-02 -9.53979492e-02
    -4.52880859e-02 -6.60400391e-02 -9.99755859e-02 1.30920410e-02
    -6.13403320e-02 -1.23718262e-01 -1.61285400e-02 4.97436523e-02
    -1.61895752e-02 -1.51824951e-02 -2.07710266e-03 -5.31921387e-02
