<?xml version="1.0"?>
<opencv_storage>
<Alfin_Anggario type_id="opencv-matrix">
  <rows>1</rows>
  <cols>512</cols>
  <dt>f</dt>
  <data>
    -2.59693787e-02 7.92660639e-02 3.46745923e-02 -3.21106911e-02
    2.10851338e-02 -4.19466645e-02 -3.69788818e-02 -2.39713974e-02
    -1.27626071e-02 -3.31017487e-02 2.42358614e-02 -8.18254426e-03
    4.48015295e-02 -1.37933972e-03 2.52450071e-02 4.91793174e-03
    7.99543131e-03 -1.36973569e-02 -6.63080812e-02 5.34235537e-02
    -9.81672406e-02 -2.06084941e-02 2.05741115e-02 3.60377915e-02
    9.23096389e-03 6.30708039e-02 1.81446727e-02 -3.78817134e-02
    1.39063066e-02 9.64464247e-02 -2.00497247e-02 -1.15141366e-02
    1.89045891e-02 -2.70362804e-03 7.26403445e-02 1.42769748e-02
    -9.76707563e-02 1.20488340e-02 1.69937704e-02 -8.76146778e-02
    -5.23523055e-02 -7.24527910e-02 3.60123292e-02 6.74659833e-02
    -6.69490639e-03 7.06509501e-02 -1.13675989e-01 -1.02911226e-01
    1.01643018e-01 1.95264618e-03 8.60547740e-03 7.05835298e-02
    8.58560205e-03 -1.96466204e-02 -3.89120653e-02 -3.16504128e-02
    1.87327079e-02 -1.30976154e-03 -2.32829750e-02 -1.05498098e-02
    -6.73507005e-02 4.78481641e-03 -6.21168641e-03 -3.72393616e-02
    2.23362111e-02 6.61556842e-03 -1.02136573e-02 -2.29260996e-02
    -3.03310622e-03 1.07957169e-01 -9.47091728e-03 -7.45003372e-02
    -7.15434365e-03 -6.14429172e-03 -4.70203208e-03 1.35897882e-02
    -3.07819005e-02 4.23103152e-03 2.46161837e-02 4.61503491e-02
    4.86686267e-02 4.84475903e-02 -6.68149218e-02 1.99798383e-02
    -1.09172724e-02 -4.43061888e-02 5.26400376e-03 7.26635456e-02
    -3.17791887e-02 5.49299270e-02 -7.40908161e-02 -7.06080720e-02
    -2.48590037e-02 -2.24720910e-02 3.93385105e-02 4.19749990e-02
    -8.15022662e-02 5.35388887e-02 5.54935373e-02 4.50279564e-02
    -7.58173084e-03 -6.06668219e-02 -1.12357903e-02 3.17135490e-02
    -7.58539187e-03 -5.11947721e-02 -3.37150879e-02 6.54914044e-03
    1.70813110e-02 1.85310282e-02 -3.48024257e-02 -6.66923001e-02
    6.87359497e-02 5.68959452e-02 9.57463123e-03 3.78481410e-02
    3.52770649e-02 1.78319737e-02 -9.25904512e-02 -2.31912546e-03
    -4.43507358e-02 -4.26225886e-02 1.39018297e-02 1.07263643e-02
    -1.77282952e-02 -8.25401172e-02 -2.09542923e-02 5.20202443e-02
    -3.60029861e-02 -8.93165544e-03 9.96489227e-02 2.45036781e-02
    7.11147413e-02 -2.97554564e-02 -6.27558008e-02 5.33470837e-03
    6.35185018e-02 4.90630977e-02 -2.18337439e-02 2.29590922e-03
    -1.74474195e-02 2.00667349e-03 2.21815221e-02 9.18512174e-04
    -5.28592356e-02 4.73498702e-02 8.22346956e-02 6.86808974e-02
    -3.64679210e-02 -3.59035172e-02 -6.02548793e-02 9.19668972e-02
    7.53159374e-02 -2.82238554e-02 -9.66551304e-02 -4.85766027e-03
    4.09310572e-02 -6.21354319e-02 6.67333528e-02 -5.78577854e-02
    1.08098380e-01 4.31856215e-02 4.66113463e-02 5.10262065e-02
    -2.36366596e-03 5.55015206e-02 5.21604996e-03 3.10100708e-02
    -4.58024144e-02 4.29139994e-02 -8.05561170e-02 1.43937385e-02
    -6.70419540e-03 -4.51618843e-02 3.82403620e-02 -9.64339972e-02
    9.74571183e-02 -1.13758985e-02 4.67953039e-03 5.57323135e-02
    -5.18111140e-03 -3.49179283e-02 3.73719893e-02 -2.32865196e-02
    4.05653007e-02 4.83706547e-03 4.22089100e-02 -3.37954909e-02
    8.18981882e-03 3.23605984e-02 4.28568721e-02 5.80706149e-02
    -2.07500178e-02 7.26652071e-02 1.05415126e-02 1.86328031e-02
    -8.75443816e-02 -2.33301353e-02 3.87646146e-02 -8.79031345e-02
    5.23716882e-02 4.80506830e-02 -5.01760542e-02 -2.25870050e-02
    9.16640274e-03 2.07188632e-02 -4.07954380e-02 -3.10480446e-02
    -6.42100647e-02 2.41941977e-02 -1.67037174e-02 -2.08065190e-04
    -2.42167525e-02 1.07342331e-02 9.72538255e-03 3.01815942e-02
    -6.19733660e-03 -4.92001809e-02 3.75275016e-02 4.52339724e-02
    1.23044990e-01 -4.87868078e-02 8.12738314e-02 -2.87910663e-02
    -1.72797609e-02 7.99911171e-02 -8.14463347e-02 2.20136642e-02
    -9.02492180e-02 -4.04582322e-02 1.06975557e-02 -1.85305290e-02
    4.53008637e-02 3.96556258e-02 -1.27464859e-02 1.27256792e-02
    4.84050624e-02 -1.06823836e-02 4.38086763e-02 4.27124314e-02
    4.51907068e-02 4.31814939e-02 -4.39757574e-03 -4.49580997e-02
    -1.83007084e-02 1.22551210e-02 5.46259023e-02 1.54359303e-02
    -5.04548773e-02 1.93817560e-02 1.21324964e-01 -2.50196252e-02
    -2.53743548e-02 -2.31475644e-02 3.19160558e-02 2.13645883e-02
    -6.67674318e-02 2.61097588e-02 -1.61212198e-02 3.53109129e-02
    5.39067797e-02 -5.54363914e-02 5.55581935e-02 1.15170032e-02
    9.92470072e-04 -4.37489059e-03 -4.35633175e-02 -1.05214892e-02
    -1.07428785e-02 -5.76706184e-03 2.87379473e-02 -6.55375496e-02
    -2.58163246e-03 -3.14953886e-02 -9.20005813e-02 -5.24810776e-02
    -1.83747653e-02 -4.21433747e-02 -8.84638950e-02 3.98166105e-02
    1.76222939e-02 5.12194308e-03 -1.78370962e-03 2.79655308e-03
    -7.86328781e-03 6.01982176e-02 2.46210154e-02 4.39025052e-02
    6.25881776e-02 -2.43289471e-02 -4.26029265e-02 -6.78470507e-02
    -3.38288881e-02 -2.84289178e-02 -2.41300964e-04 -2.12566592e-02
    2.74340250e-02 -1.28143905e-02 4.90527228e-02 -7.25813359e-02
    -9.63567570e-03 -2.83302576e-03 -2.90668122e-02 -1.52898757e-02
    7.81517401e-02 2.42117811e-02 2.00690385e-02 1.31178566e-03
    -2.38168496e-03 -7.24422410e-02 -2.21287832e-02 -2.73453984e-02
    -2.12049019e-02 1.05541525e-02 -7.66704883e-03 -7.60422722e-02
    3.84872332e-02 6.95370184e-03 3.40949441e-03 5.89364544e-02
    -1.19111827e-03 1.68783385e-02 2.44195648e-02 4.22916301e-02
    6.61565270e-03 -3.22660357e-02 5.32825366e-02 -4.18009572e-02
    4.47911397e-02 3.71398292e-02 2.54057385e-02 4.87639159e-02
    1.16082113e-02 3.93946916e-02 9.93684516e-04 1.72445625e-02
    -5.87245114e-02 6.89342734e-04 -4.45443913e-02 -2.30665468e-02
    -4.25477363e-02 5.25803976e-02 9.63722765e-02 -6.32905727e-03
    3.37225501e-03 7.56903505e-03 -3.71609889e-02 -4.05858904e-02
    -6.04554191e-02 -2.61266921e-02 3.07144560e-02 -4.80002165e-02
    -2.66156103e-02 4.35285084e-02 5.13274875e-03 7.41983429e-02
    -5.06285504e-02 9.26349591e-03 -3.27955745e-02 -2.97473148e-02
    5.36989309e-02 2.74357535e-02 2.00554281e-02 -6.57135174e-02
    -6.38192892e-02 5.14557846e-02 -2.68956553e-02 1.63192954e-02
    1.88433826e-02 2.03578491e-02 -8.80212802e-03 -1.87533218e-02
    2.87655219e-02 4.65604849e-02 -8.42915662e-03 -2.78029479e-02
    -4.34185117e-02 4.67226803e-02 -7.63564408e-02 2.12457031e-02
    -8.66243094e-02 -8.44786614e-02 -2.16316078e-02 -9.71714221e-03
    2.43168306e-02 2.20511667e-02 -5.24033345e-02 7.53332004e-02
    -4.83060768e-03 -3.56880985e-02 -4.93545011e-02 7.79409632e-02
    -1.60585605e-02 -2.03692354e-02 -6.73512975e-03 9.30883065e-02
    7.01854751e-03 -2.53140908e-02 6.56739052e-04 1.69617422e-02
    -7.12368404e-03 9.07318592e-02 1.50548825e-02 4.51751575e-02
    4.26136293e-02 3.67901176e-02 1.22684892e-02 8.60593934e-03
    -3.40712294e-02 3.76269408e-02 -3.39257019e-03 4.75626439e-02
    -6.89947084e-02 -6.84958547e-02 -4.99489084e-02 3.79651114e-02
    2.34285593e-02 4.76025380e-02 2.40367717e-05 6.78912252e-02
    -5.78940064e-02 -2.60883737e-02 -2.13009631e-03 -4.50283401e-02
    -2.06698831e-02 -2.80254539e-02 1.55777009e-02 -4.43181247e-02
    4.29281667e-02 -7.14835571e-03 -5.57640158e-02 -2.03098692e-02
    -2.88461000e-02 -3.50719178e-03 -3.82960628e-04 -2.33293953e-03
    -3.26235257e-02 -1.78283243e-03 2.02697515e-03 -4.96644191e-02
    3.82316299e-02 -2.10538842e-02 4.02550818e-03 3.69651169e-02
    -2.92855706e-02 2.93856468e-02 2.69165505e-02 -1.05726067e-02
    7.39701884e-03 -6.54946268e-02 4.18485552e-02 -5.34859449e-02
    1.49486139e-02 -1.12685665e-01 -5.12009785e-02 6.10139444e-02
    2.58185659e-02 3.87937762e-02 2.43563335e-02 5.84434792e-02
    4.64150123e-02 6.07281886e-02 3.23929377e-02 -7.97645655e-03
    5.66850826e-02 -7.05916956e-02 -8.83316214e-04 7.33411014e-02
    9.60445963e-03 6.76897317e-02 -1.18073560e-02 2.30793450e-02
    3.78827453e-02 -3.07726245e-02 7.91964233e-02 4.84463088e-02
