%YAML:1.0
---
custom_roi: [ 133, 262, 341, 308, 341, 356, 118, 314 ]
